csurftoken = 1cDU0Q.MjE0NDUwMTEwMQ==.1643614756851.dE5lb74BkBhAJb8PngMud70VR508gvJzaBjC8hhRvX4=
channel =BB-FV-Android
identifier= 8197680109
challengeId= 6a281c78-92b7-49b9-bd43-7934e15989f7
deviceId= 77
deviceName= 3722fvtest
deviceDetailsDeviceName=34f17a03caf475a7
imei= &device_id=910c3f525729cf1c&city_id=6&properties=%7B%22platform%22%3A%22java%22%2C%22os_name%22%3A%22android%22%2C%22os_version%22%3A%2211%22%2C%22app_version%22%3A%22Version%201.1.2%22%2C%22device_make%22%3A%22samsung%22%2C%22device_model%22%3A%22SM-T500%22%2C%22screen_resolution%22%3A%222000X1128%22%2C%22screen_dpi%22%3A240%7D
referrer=home
lat=13.067982460721524
lng=77.79745101928711
homeAddress= referrer=home&lat=13.067982460721524&lng=77.79745101928711&area=T%20G%20extension&src=1